-0.0002819039,
-0.0000000000,
0.0002992580,
0.0000474912,
-0.0006061603,
-0.0009190980,
-0.0005275613,
-0.0000284209,
-0.0002616926,
-0.0010893454,
-0.0013855799,
-0.0005223736,
0.0005723284,
0.0005015191,
-0.0005535976,
-0.0007694937,
0.0008544810,
0.0027520832,
0.0026196405,
0.0007588856,
0.0000988653,
0.0021866776,
0.0045015950,
0.0034732210,
-0.0003146351,
-0.0022621560,
0.0000000000,
0.0026538191,
0.0004330907,
-0.0056114415,
-0.0085407795,
-0.0048751953,
-0.0002592259,
-0.0023423234,
-0.0095281109,
-0.0118091350,
-0.0043308303,
0.0046122373,
0.0039286623,
-0.0042182956,
-0.0057103022,
0.0061856640,
0.0194741694,
0.0181627869,
0.0051692320,
0.0006635914,
0.0145105330,
0.0296407943,
0.0227840733,
-0.0020655181,
-0.0149366049,
0.0000000000,
0.0180475097,
0.0030218917,
-0.0405393580,
-0.0645944747,
-0.0391338970,
-0.0022478452,
-0.0224643697,
-0.1044712393,
-0.1556251195,
-0.0746398660,
0.1236509329,
0.2946161437,
0.2946161437,
0.1236509329,
-0.0746398660,
-0.1556251195,
-0.1044712393,
-0.0224643697,
-0.0022478452,
-0.0391338970,
-0.0645944747,
-0.0405393580,
0.0030218917,
0.0180475097,
0.0000000000,
-0.0149366049,
-0.0020655181,
0.0227840733,
0.0296407943,
0.0145105330,
0.0006635914,
0.0051692320,
0.0181627869,
0.0194741694,
0.0061856640,
-0.0057103022,
-0.0042182956,
0.0039286623,
0.0046122373,
-0.0043308303,
-0.0118091350,
-0.0095281109,
-0.0023423234,
-0.0002592259,
-0.0048751953,
-0.0085407795,
-0.0056114415,
0.0004330907,
0.0026538191,
0.0000000000,
-0.0022621560,
-0.0003146351,
0.0034732210,
0.0045015950,
0.0021866776,
0.0000988653,
0.0007588856,
0.0026196405,
0.0027520832,
0.0008544810,
-0.0007694937,
-0.0005535976,
0.0005015191,
0.0005723284,
-0.0005223736,
-0.0013855799,
-0.0010893454,
-0.0002616926,
-0.0000284209,
-0.0005275613,
-0.0009190980,
-0.0006061603,
0.0000474912,
0.0002992580,
-0.0000000000,
-0.0002819039
