    -0.0003613498,
    -0.0000000000,
    0.0003835945,
    0.0002181928,
    -0.0003514034,
    -0.0005887729,
    -0.0001378736,
    0.0003955115,
    0.0001611978,
    -0.0007142135,
    -0.0011166231,
    -0.0004279015,
    0.0004179005,
    0.0000222370,
    -0.0014305786,
    -0.0021083893,
    -0.0009945883,
    0.0003686635,
    -0.0002919960,
    -0.0026417602,
    -0.0037180184,
    -0.0019401972,
    0.0002026598,
    -0.0008350054,
    -0.0044575355,
    -0.0060689716,
    -0.0033180874,
    -0.0000540956,
    -0.0015899676,
    -0.0069400862,
    -0.0092457419,
    -0.0051130983,
    -0.0002695293,
    -0.0024419020,
    -0.0101052951,
    -0.0133104015,
    -0.0072334798,
    -0.0001627026,
    -0.0031477460,
    -0.0139552686,
    -0.0183679757,
    -0.0095167683,
    0.0007774275,
    -0.0032804949,
    -0.0185748814,
    -0.0247470331,
    -0.0117493389,
    0.0035235044,
    -0.0020557662,
    -0.0244105374,
    -0.0335549879,
    -0.0136966524,
    0.0103920757,
    0.0023972662,
    -0.0333526757,
    -0.0490980567,
    -0.0151390227,
    0.0301382855,
    0.0179176891,
    -0.0568057108,
    -0.1017373535,
    -0.0159065023,
    0.1856546770,
    0.3582518544,
    0.3582518544,
    0.1856546770,
    -0.0159065023,
    -0.1017373535,
    -0.0568057108,
    0.0179176891,
    0.0301382855,
    -0.0151390227,
    -0.0490980567,
    -0.0333526757,
    0.0023972662,
    0.0103920757,
    -0.0136966524,
    -0.0335549879,
    -0.0244105374,
    -0.0020557662,
    0.0035235044,
    -0.0117493389,
    -0.0247470331,
    -0.0185748814,
    -0.0032804949,
    0.0007774275,
    -0.0095167683,
    -0.0183679757,
    -0.0139552686,
    -0.0031477460,
    -0.0001627026,
    -0.0072334798,
    -0.0133104015,
    -0.0101052951,
    -0.0024419020,
    -0.0002695293,
    -0.0051130983,
    -0.0092457419,
    -0.0069400862,
    -0.0015899676,
    -0.0000540956,
    -0.0033180874,
    -0.0060689716,
    -0.0044575355,
    -0.0008350054,
    0.0002026598,
    -0.0019401972,
    -0.0037180184,
    -0.0026417602,
    -0.0002919960,
    0.0003686635,
    -0.0009945883,
    -0.0021083893,
    -0.0014305786,
    0.0000222370,
    0.0004179005,
    -0.0004279015,
    -0.0011166231,
    -0.0007142135,
    0.0001611978,
    0.0003955115,
    -0.0001378736,
    -0.0005887729,
    -0.0003514034,
    0.0002181928,
    0.0003835945,
    -0.0000000000,
    -0.0003613498