204 205 208 204 209 203 209 206 211 208 205 207 201 206 208 201 205 205 208 201 211 203 201 205 203 201 204 205 202 209 211 208 204 208 205 207 206 204 205 203 208 208 211 204 204 209 203 203 210 206 208 204 209 206 205 201 204 205 209 207 202 204 205 207 206 204 202 206 206 207 205 201 210 206 203 201 200 206 209 205 203 203 208 208 206 205 208 206 209 203 205 207 206 209 207 204 209 204 203 199 204 205 209 201 203 204 205 202 208 200 205 205 206 201 212 201 204 199 206 208 201 202 204 203 204 203 208 206 207 202 208 203 211 209 207 204 203 204 208 203 204 205 207 204 209 210 206 204 205 200 209 208 205 206 208 206 201 203 200 201 198 208 205 207 206 204 204 204 205 210 203 206 204 205 202 208 203 203 203 206 204 207 207 206 205 204 204 206 202 205 209 203 206 202 206 204 199 207 206 212 209 203 209 206 202 211 206 206 206 202 207 208 207 207 207 202 205 210 206 205 205 210 205 206 204 205 206 205 201 208 204 199 206 208 208 207 207 206 210 206 203 203 204 205 202 207 207 201 210 206 207 200 216 192 206 201 277 11252 304 13534 0
209 207 207 207 206 204 208 202 202 206 205 207 203 200 202 207 206 199 202 205 206 202 201 211 207 202 210 208 205 203 204 203 209 207 210 209 204 208 210 205 207 209 206 205 211 207 207 206 204 209 214 204 205 208 199 201 210 206 201 207 205 203 206 201 203 204 204 204 208 200 204 207 202 205 205 202 203 208 205 204 209 202 204 205 209 201 202 203 205 208 205 207 212 204 206 207 207 204 207 208 206 209 207 205 203 200 206 204 208 205 205 210 201 204 206 201 202 205 201 206 204 201 204 205 205 202 203 205 211 201 207 203 205 208 205 203 205 204 206 205 206 211 204 210 203 206 205 206 205 204 204 200 200 204 202 205 212 208 205 210 202 204 207 205 207 202 209 204 204 204 206 207 206 202 202 204 204 202 210 202 211 207 206 209 206 204 206 208 206 205 212 207 206 209 202 204 202 202 208 212 204 203 206 209 206 204 203 206 210 206 204 204 202 206 205 205 203 202 206 204 207 206 208 201 200 205 208 205 208 206 203 208 207 205 210 208 209 204 209 205 206 204 210 205 201 207 206 205 201 206 204 206 206 209 210 203 282 9115 304 13534 0
204 206 203 202 204 201 199 202 202 206 207 205 205 205 207 203 202 207 198 205 205 206 211 204 209 207 202 207 200 203 205 203 210 201 200 207 211 209 201 205 208 209 204 204 209 209 208 205 207 208 210 208 204 206 200 204 207 208 213 208 204 209 211 207 209 210 204 206 207 205 202 206 204 208 207 200 204 201 202 207 208 210 204 206 205 210 210 207 206 203 203 209 209 205 204 210 207 211 207 208 205 213 202 205 206 206 203 207 205 211 203 203 204 206 205 201 201 208 205 208 202 199 210 204 204 207 206 206 205 207 201 204 206 210 205 202 209 212 205 208 209 207 206 204 209 208 203 203 206 212 206 210 209 204 206 202 204 210 209 210 203 208 201 205 204 201 208 208 210 208 210 205 205 208 203 205 205 201 204 207 202 205 206 198 203 205 205 203 204 205 202 203 206 207 211 203 208 204 203 206 203 203 206 206 202 205 206 211 203 203 209 204 208 208 205 210 208 206 204 207 203 204 205 204 206 211 205 203 203 207 203 198 207 209 207 208 204 210 204 211 205 205 205 207 203 209 202 210 203 203 201 207 201 206 203 209 291 9211 304 13534 0
203 205 203 205 207 205 203 202 202 199 206 205 207 203 206 207 206 203 201 209 210 211 204 205 205 205 206 207 213 211 211 207 210 207 201 202 205 207 204 208 210 203 209 203 207 205 206 207 202 203 201 207 206 201 207 207 203 205 205 202 207 207 208 202 209 207 205 204 208 205 207 201 205 208 208 206 209 205 203 201 202 204 206 200 205 204 205 208 209 203 209 208 205 209 204 205 201 206 210 205 209 208 204 204 203 211 201 206 203 204 207 202 205 209 200 205 207 210 207 202 204 205 208 210 202 202 210 206 207 212 205 208 204 206 208 205 210 205 203 205 206 202 206 201 207 205 205 203 208 207 208 203 205 207 201 206 205 205 206 204 206 205 204 202 202 209 210 204 203 208 203 204 207 194 215 191 217 199 203 200 205 204 205 203 209 204 206 201 204 202 201 204 207 206 208 205 206 203 207 200 207 205 201 200 206 209 204 199 203 210 205 205 204 204 203 199 207 203 204 206 212 204 201 206 201 204 204 207 202 206 205 207 206 202 199 205 209 197 210 210 211 202 201 204 207 209 207 205 208 205 204 212 210 202 209 204 296 10941 304 13534 0
208 207 207 202 205 203 210 202 207 202 205 209 207 205 204 211 208 210 212 210 208 210 207 206 206 209 204 207 208 208 208 208 205 204 203 214 207 207 203 205 207 211 206 207 204 201 207 210 204 207 210 201 204 206 206 204 205 206 207 204 201 203 207 203 203 205 203 208 204 207 203 206 207 205 205 203 202 204 203 206 203 208 205 205 203 206 208 207 206 201 201 209 208 204 205 204 212 207 209 207 207 204 210 209 206 202 202 206 202 206 205 203 206 203 208 209 207 203 210 206 208 206 203 207 207 209 205 208 205 205 207 203 205 207 204 209 205 205 206 204 204 202 204 205 204 206 208 209 204 205 207 207 203 204 205 202 204 203 210 206 202 202 203 209 209 201 207 208 205 209 206 205 210 203 207 202 209 205 206 203 202 207 206 200 206 206 202 203 203 207 206 206 208 206 205 201 205 210 210 206 208 208 201 206 206 205 205 209 206 210 206 202 204 210 206 206 203 200 210 208 204 204 209 212 203 205 202 207 200 203 207 207 199 203 204 208 205 206 204 206 206 205 208 207 207 206 204 202 204 209 205 205 211 204 208 206 301 9222 304 13534 0
201 209 205 204 202 210 204 204 205 203 205 211 206 208 203 204 211 211 201 204 202 208 207 209 208 205 203 207 205 206 206 203 202 209 209 206 203 203 207 204 211 204 204 207 212 208 207 208 210 210 208 204 207 202 201 205 213 210 201 206 209 204 204 205 207 206 204 208 208 210 206 204 204 204 207 206 207 205 205 206 207 205 202 202 211 205 211 199 203 204 204 207 209 207 205 201 212 210 208 207 208 201 204 206 206 200 204 205 205 204 205 204 205 205 206 205 205 202 203 203 207 207 200 205 202 207 207 203 206 207 202 207 206 207 200 203 205 205 206 205 206 211 206 210 204 204 208 205 206 204 202 209 202 206 201 210 201 202 208 209 206 205 207 206 209 198 204 205 201 210 207 201 206 206 202 205 203 203 207 205 210 201 200 204 203 209 215 199 209 200 203 202 206 201 208 202 205 209 205 208 211 207 206 205 201 204 214 208 206 205 204 202 201 206 210 207 204 200 207 204 205 206 202 208 209 202 207 203 205 208 207 202 203 206 204 205 206 200 201 204 205 202 206 203 206 205 206 206 202 201 203 205 207 209 207 209 1 9141 304 13946 0
206 206 206 202 205 206 204 206 203 206 206 206 205 205 205 209 209 205 205 208 212 207 204 210 202 206 206 205 208 200 204 210 201 204 205 202 207 204 210 202 203 200 209 207 203 204 207 206 205 203 207 208 203 204 205 208 205 205 206 209 204 206 207 206 203 200 203 207 202 203 206 203 200 203 207 206 207 201 202 204 208 209 203 205 206 202 205 208 204 205 203 203 204 205 205 204 201 207 205 210 207 204 208 205 203 202 207 200 202 205 205 204 201 207 211 201 205 201 208 204 208 206 203 209 208 205 208 207 204 203 206 203 208 205 205 207 209 204 204 202 206 209 205 207 205 205 204 209 207 202 206 206 206 206 208 200 202 203 201 205 207 206 203 209 203 205 206 209 200 208 203 206 206 204 206 205 208 203 208 209 200 205 206 206 206 206 204 205 210 207 205 205 210 206 206 204 203 203 207 206 207 208 208 206 213 207 211 206 204 213 207 204 205 206 207 202 206 204 209 203 205 205 203 200 206 202 202 208 208 208 202 202 204 205 205 206 208 208 208 204 201 211 207 202 206 205 209 202 210 207 208 201 201 210 202 208 6 7464 304 13946 0
202 206 208 203 204 205 207 210 200 211 204 207 203 206 211 205 203 202 212 207 208 206 202 206 202 206 207 204 207 214 201 206 212 208 212 210 205 208 210 202 198 207 204 202 207 207 203 207 203 209 212 206 205 207 205 209 209 211 207 206 211 207 204 202 204 211 204 205 207 208 206 207 207 203 205 199 203 207 200 204 206 206 207 209 208 207 204 211 203 202 208 207 210 203 211 205 211 207 203 206 204 202 206 206 202 204 210 202 204 207 206 206 204 215 209 207 207 206 207 209 207 207 208 209 206 207 213 200 210 207 211 207 204 205 208 203 208 204 206 206 207 207 205 203 206 204 205 205 205 202 207 208 207 207 209 205 200 202 205 204 206 204 207 204 205 208 208 199 206 202 204 209 207 205 205 205 206 205 208 206 207 206 203 205 208 202 206 202 207 203 204 201 206 204 205 204 209 213 208 206 205 210 209 207 206 201 208 211 207 207 204 202 206 202 206 201 208 209 208 208 207 208 205 205 201 207 204 204 206 209 205 204 202 202 202 205 207 201 206 198 209 207 204 202 201 205 208 202 208 208 202 206 203 202 207 207 15 9023 304 13946 0
208 201 202 205 204 204 204 209 204 204 206 203 203 201 208 207 205 204 203 205 207 207 210 210 208 205 201 202 205 203 208 205 205 205 209 206 206 202 205 203 202 207 207 206 204 204 209 201 204 210 205 210 207 202 202 204 206 205 207 207 207 208 206 207 205 204 205 205 207 205 202 202 207 205 209 207 205 205 208 202 207 206 207 203 207 208 204 203 208 207 207 203 208 204 200 206 204 206 205 206 202 203 206 209 201 207 209 207 207 206 204 202 205 208 207 209 205 201 211 206 208 202 204 206 203 206 206 205 209 205 205 206 207 204 208 204 211 210 206 203 209 203 207 203 204 203 204 203 209 208 205 212 207 208 206 212 205 203 200 203 205 206 202 207 206 210 206 201 200 204 203 204 204 207 204 209 207 210 203 204 205 206 209 202 203 208 205 204 204 203 209 202 204 207 212 203 206 205 200 201 201 204 207 204 204 206 212 208 207 194 215 189 212 197 206 201 211 205 209 203 206 215 206 198 203 208 206 205 207 205 203 204 201 210 206 206 204 204 199 199 207 206 203 202 203 207 205 207 201 199 206 207 207 205 204 204 20 10686 304 13946 0
208 198 207 203 209 203 207 200 204 202 208 209 206 202 206 210 206 203 203 202 206 210 207 207 200 211 207 206 206 207 210 208 206 207 206 205 204 206 210 204 205 204 207 202 202 211 201 204 206 205 206 205 204 203 204 204 206 207 207 209 204 201 208 202 206 207 208 207 207 204 210 204 203 202 207 206 204 208 205 203 209 204 208 205 205 205 207 207 205 206 202 207 206 203 205 201 207 204 205 207 203 208 212 203 207 205 206 206 206 206 209 206 205 209 204 206 206 206 208 207 211 206 206 204 204 206 208 208 207 207 209 205 206 203 205 208 205 203 204 207 207 205 208 205 205 202 206 208 203 205 210 208 210 205 206 204 205 204 202 209 204 207 210 208 209 201 203 203 207 206 209 207 203 205 209 204 207 209 205 205 206 202 202 205 207 204 208 203 208 206 201 204 205 207 206 199 201 210 207 207 204 201 203 203 206 208 206 204 208 206 202 207 204 207 206 207 208 206 202 205 205 208 206 202 205 202 206 203 204 208 210 205 208 203 207 209 211 205 204 205 203 208 207 206 206 204 208 208 211 201 207 209 205 204 202 205 26 5419 304 13946 0
204 206 204 204 206 205 209 208 208 208 201 203 208 206 207 205 205 203 206 202 206 206 204 204 207 203 207 208 206 203 200 205 206 210 211 202 200 205 205 203 201 200 205 203 204 208 210 205 201 203 203 203 203 204 206 205 201 207 204 200 204 207 206 200 205 205 207 203 207 200 204 205 203 201 207 203 205 204 204 203 205 208 204 201 209 201 200 202 206 208 200 206 203 211 205 204 205 207 202 204 206 206 206 206 207 206 205 203 207 205 204 198 206 208 209 208 213 203 206 205 206 208 202 206 205 204 205 206 206 205 202 203 206 202 204 206 206 206 201 206 204 201 207 208 209 210 199 201 204 207 205 204 204 201 205 205 209 206 202 205 204 202 203 203 208 204 207 202 208 203 207 203 207 210 205 210 205 201 204 207 203 201 203 206 203 202 201 206 203 202 205 205 209 206 210 203 207 205 198 205 213 206 201 205 209 203 206 206 205 208 203 204 208 204 204 210 208 205 203 205 204 205 203 202 208 201 207 206 207 202 206 202 206 204 207 201 201 213 189 211 205 208 201 206 207 207 203 207 207 211 197 205 205 207 206 200 70 2580 304 13946 0
201 207 205 207 204 204 202 209 206 206 206 203 207 204 202 206 202 199 205 205 201 206 210 203 202 199 207 208 205 206 206 207 206 202 203 206 214 210 203 205 203 201 206 208 207 207 207 206 210 208 205 204 207 208 208 209 206 210 207 207 205 205 204 207 205 209 207 209 204 208 202 206 204 205 203 206 206 206 200 205 202 205 207 205 206 207 207 201 205 206 207 202 204 202 206 207 204 204 209 208 203 205 209 208 205 208 209 202 208 205 210 209 205 209 207 210 206 207 208 206 202 202 213 207 204 207 203 206 202 203 207 210 210 207 205 203 203 207 209 209 207 205 206 209 207 202 206 210 203 205 205 202 205 207 205 209 200 205 201 208 206 206 203 204 205 206 206 205 204 208 206 204 201 211 206 202 205 209 203 207 205 202 204 209 204 207 208 207 200 208 204 204 205 206 202 208 204 208 205 204 205 207 200 211 203 205 203 208 202 208 208 208 206 207 204 210 205 202 206 205 204 204 206 207 206 209 204 209 205 206 208 205 201 205 205 208 202 205 200 207 201 204 205 202 207 210 201 205 202 204 202 208 202 203 207 206 75 3314 304 13946 0
206 205 198 207 210 201 201 203 205 209 203 208 206 204 202 205 204 203 204 203 202 207 203 206 202 206 208 203 199 204 205 208 209 205 208 201 201 211 207 206 207 202 203 209 208 209 205 210 202 205 201 202 203 210 208 202 205 210 207 205 210 199 207 211 206 209 209 205 201 208 209 209 210 209 204 210 199 205 207 204 205 206 206 207 206 203 204 206 201 203 204 200 204 208 206 210 200 204 206 212 200 207 200 206 209 205 204 206 205 202 207 203 206 201 206 203 201 203 205 206 204 209 201 210 208 206 205 206 204 210 208 201 208 208 205 203 207 206 201 205 203 203 205 203 206 206 200 202 208 203 203 203 206 203 207 206 204 206 207 207 205 200 206 211 207 202 204 201 204 213 209 200 205 205 205 207 209 207 208 207 206 210 207 204 203 216 198 203 201 200 201 202 203 207 203 198 206 209 205 207 207 211 202 205 209 206 206 207 205 203 204 206 204 207 210 208 206 202 211 206 201 202 202 207 202 204 214 210 203 205 210 206 204 205 202 201 203 209 209 206 204 201 202 204 199 204 208 203 200 204 207 200 203 208 204 206 84 14523 304 13946 0
207 204 206 208 202 201 208 206 206 207 205 202 200 204 207 203 203 206 206 206 209 213 203 207 205 204 204 206 208 207 205 203 208 207 201 203 212 206 204 203 206 203 204 202 206 207 204 204 204 202 206 205 204 203 206 209 204 206 205 205 210 206 204 199 204 205 209 204 205 202 203 209 211 206 203 205 206 202 205 203 203 207 204 205 207 203 201 206 207 204 205 205 211 202 204 204 204 211 203 204 206 204 203 204 204 215 201 210 207 208 206 207 201 206 206 203 207 208 205 204 204 206 203 205 203 207 204 211 203 204 200 208 202 202 208 206 202 200 197 208 203 197 201 206 202 202 207 204 201 207 206 206 203 204 206 205 208 203 202 203 207 203 208 203 208 201 202 206 209 204 201 204 206 206 210 210 202 203 204 212 207 210 205 205 208 208 209 214 206 206 204 203 205 208 206 207 206 210 210 203 209 192 197 211 202 207 207 205 203 206 205 207 203 204 202 206 207 204 207 203 204 203 205 206 208 202 201 210 205 207 204 207 203 206 205 206 205 206 206 206 204 207 202 204 207 206 207 205 206 207 208 209 208 202 204 203 90 1137 304 13946 0
207 206 205 206 207 202 204 203 207 208 207 204 205 202 200 206 208 201 206 205 204 205 203 201 204 207 205 201 206 202 205 203 206 206 208 206 206 203 203 204 207 207 204 204 203 205 210 204 208 204 205 201 203 206 207 203 195 214 194 208 198 207 205 211 203 208 206 203 207 205 201 203 205 211 202 203 203 207 203 209 207 201 202 207 209 207 206 206 204 208 204 207 203 203 206 203 210 201 202 207 204 207 198 205 202 206 204 207 205 201 203 204 205 205 203 200 201 203 201 203 207 205 207 204 200 204 205 207 205 207 208 207 209 209 204 200 207 208 207 207 205 204 204 202 205 211 206 206 205 211 209 208 207 200 207 207 202 209 205 202 206 206 206 204 200 203 200 204 211 208 202 206 205 206 201 207 204 204 206 202 205 205 210 205 204 209 206 205 204 206 203 211 201 205 201 199 203 206 206 204 207 204 209 208 201 200 202 205 208 209 203 206 205 199 205 205 207 206 211 206 205 205 209 205 198 210 204 203 210 205 207 205 205 202 208 201 208 208 206 202 207 207 205 203 208 208 208 203 207 205 203 207 206 205 203 207 95 178 304 13946 0
208 205 206 204 208 207 201 201 204 205 204 208 212 206 209 204 208 209 207 200 209 212 197 209 209 205 206 206 203 208 207 204 204 207 205 209 206 207 209 207 204 206 201 206 205 205 205 206 195 204 204 205 203 211 206 203 207 206 204 203 205 202 205 205 209 208 202 207 205 203 208 208 203 207 202 203 209 208 202 203 205 207 201 207 203 205 208 211 205 207 202 209 207 207 206 200 205 205 209 210 205 207 210 208 203 202 206 206 205 203 210 205 201 207 207 208 202 210 205 205 204 210 202 203 203 209 207 207 208 207 202 201 205 207 206 209 202 204 208 207 205 205 204 205 204 203 210 210 204 207 207 208 202 207 201 206 206 202 207 199 218 198 212 203 208 202 206 201 203 202 207 205 214 210 201 202 206 204 207 208 206 204 206 204 209 207 205 202 205 203 203 207 204 206 208 208 205 201 203 204 206 207 211 207 201 204 206 206 203 205 207 200 202 205 205 202 202 204 203 204 205 201 206 208 206 204 199 204 203 201 203 204 202 210 205 204 209 205 208 202 206 207 200 207 205 206 204 208 207 208 203 205 206 208 208 210 99 14472 304 13946 0
206 205 205 205 203 205 207 201 206 209 204 204 203 203 208 206 204 203 200 202 202 203 202 213 205 209 207 201 202 206 209 201 205 206 210 204 204 210 198 205 206 209 207 205 204 206 208 202 200 211 209 206 204 206 205 208 204 206 208 205 205 206 206 205 205 206 203 202 205 207 209 201 203 207 207 205 208 206 207 210 204 207 209 204 206 201 205 204 207 205 202 204 205 206 205 200 204 207 205 204 205 207 206 201 202 208 203 202 206 208 200 207 201 204 201 208 209 207 204 210 207 206 204 207 207 203 207 207 204 209 204 207 203 205 200 202 208 207 206 204 204 205 201 202 210 204 202 203 208 205 210 202 208 208 202 201 203 200 202 202 206 203 204 205 208 211 205 205 206 204 206 207 208 206 202 201 205 205 203 205 206 204 206 211 206 201 204 203 208 204 201 204 201 204 203 202 202 203 203 205 201 205 207 208 208 207 207 207 208 204 206 208 206 197 207 206 208 205 210 203 203 202 206 208 210 204 205 207 211 204 207 202 206 206 209 206 205 204 203 208 205 204 207 207 207 207 205 204 205 201 205 206 203 203 207 207 104 12830 304 13946 0
208 206 202 208 202 209 203 207 203 207 203 203 206 206 204 211 208 204 205 203 208 205 207 212 203 205 201 204 203 205 204 210 204 205 203 209 207 203 208 203 208 200 203 206 205 201 209 206 205 205 201 201 202 205 207 210 207 205 203 201 203 208 204 204 208 206 202 208 205 203 201 206 203 202 199 203 206 205 208 207 202 204 198 205 204 207 209 202 204 204 208 205 210 204 207 209 203 209 206 204 202 203 210 206 205 202 207 209 200 218 202 206 207 211 210 206 202 205 204 202 200 208 209 210 202 207 208 203 209 206 210 213 204 210 206 206 202 202 206 209 204 210 208 206 200 209 207 205 205 201 206 202 205 211 207 203 203 207 206 205 205 204 202 202 203 209 202 207 207 203 206 200 203 205 206 199 203 207 209 204 205 206 208 205 208 207 201 204 206 207 209 203 211 207 206 202 205 208 203 209 208 208 206 206 207 210 206 209 203 208 206 207 206 205 203 202 207 205 202 206 206 212 201 205 211 204 208 206 207 202 207 209 210 212 208 203 206 205 207 202 205 208 207 209 209 206 206 208 205 205 207 211 205 205 201 209 114 722 304 13946 0
202 202 204 203 205 206 207 203 206 206 202 203 203 204 205 204 209 211 206 212 205 207 208 204 207 205 203 205 205 206 209 206 203 208 206 202 205 209 208 208 204 204 207 205 208 204 200 207 206 205 207 207 203 202 200 207 205 202 202 205 202 207 213 204 206 210 209 206 212 208 209 205 206 203 205 205 203 210 208 203 205 206 206 205 205 211 206 204 206 207 205 209 203 205 205 207 207 205 201 208 206 206 202 209 207 206 200 207 203 203 205 206 201 206 209 206 203 206 203 205 208 204 203 211 206 201 207 203 206 206 203 203 206 204 206 212 203 204 202 211 206 207 206 203 203 202 206 207 205 203 207 205 203 207 210 210 206 209 207 210 203 206 203 205 203 205 207 209 205 203 205 207 202 203 208 206 209 202 204 205 202 207 204 201 203 206 209 207 202 203 203 204 203 203 207 211 206 203 206 207 207 205 207 200 208 206 204 209 204 208 207 206 207 205 206 200 200 200 202 200 201 209 204 203 206 203 206 201 205 208 206 208 203 204 200 205 207 203 203 208 207 207 200 204 205 198 205 209 203 213 205 201 199 207 209 206 119 2331 304 13946 0
202 203 202 207 205 211 203 205 207 207 204 209 206 206 206 210 204 209 204 204 205 206 198 205 205 204 206 205 205 205 202 206 205 206 209 205 205 207 207 201 203 207 201 203 207 203 203 204 202 203 207 208 204 203 208 205 207 207 207 204 205 207 210 204 206 211 207 201 203 207 202 202 202 205 206 207 204 210 206 202 205 207 206 208 206 202 206 206 205 209 204 206 198 205 206 210 203 211 204 208 202 207 207 207 205 201 206 212 204 208 202 203 203 209 202 209 206 205 204 207 204 206 203 202 210 206 206 207 204 205 206 203 206 204 207 212 206 206 208 207 201 203 203 204 201 202 204 207 202 211 211 207 206 208 203 202 203 206 205 204 204 206 206 208 203 207 207 208 205 203 201 206 207 209 207 207 206 207 208 205 207 207 205 204 205 207 204 208 207 204 205 205 203 206 208 207 204 210 199 204 205 206 209 204 207 201 206 203 205 207 206 208 207 205 206 204 208 206 203 209 203 207 207 210 203 207 206 205 212 206 206 205 205 206 207 207 204 209 208 202 204 203 206 207 204 204 207 211 207 207 197 218 198 218 203 204 124 1026 304 13946 0
203 207 204 203 204 205 202 203 203 202 206 203 199 205 207 205 205 208 209 206 207 204 200 204 207 204 204 204 207 204 207 203 201 204 206 201 199 200 206 207 205 205 203 203 209 204 203 205 202 202 202 207 208 206 206 210 204 204 207 209 213 210 208 206 207 206 211 208 205 205 208 207 205 210 205 206 210 213 211 206 206 204 206 206 207 207 203 207 206 203 207 206 207 206 207 207 206 210 208 204 208 205 203 204 209 206 205 209 205 202 208 200 206 201 208 207 204 204 202 205 204 205 205 204 211 203 208 200 211 205 208 204 206 200 206 204 209 206 205 205 210 203 201 199 204 203 202 204 208 204 206 210 208 206 206 202 203 205 209 206 207 205 208 210 211 205 206 207 208 204 207 206 208 204 201 203 206 205 208 206 203 202 199 208 208 204 206 207 200 202 204 206 193 197 199 205 209 204 208 203 205 207 210 206 207 205 208 205 206 201 202 207 203 207 206 208 210 206 206 199 207 204 201 203 203 210 204 209 207 205 203 205 208 204 206 203 207 206 203 208 210 203 208 208 207 207 206 207 209 206 206 209 205 204 203 208 128 15208 304 13946 0
202 208 204 208 203 206 209 202 206 200 205 202 203 203 204 201 200 202 208 207 202 203 204 211 209 207 204 205 207 209 208 200 210 210 206 207 206 206 204 206 204 205 203 205 211 210 200 206 207 205 203 206 207 206 207 202 206 206 201 209 209 204 202 207 202 205 204 206 202 211 210 203 207 202 207 206 206 202 206 204 206 208 207 206 208 205 203 205 207 207 204 198 205 206 202 203 203 203 207 204 205 209 205 211 201 206 206 205 209 206 204 205 208 205 201 208 204 203 200 201 206 203 209 206 209 206 204 206 204 203 205 203 205 211 205 205 207 199 204 211 201 200 205 206 205 204 202 205 210 205 202 208 205 204 204 203 207 202 210 207 205 203 204 205 201 202 203 207 204 206 205 201 206 206 203 204 205 202 204 201 203 206 205 210 206 200 206 206 205 205 206 203 207 202 205 204 202 209 206 205 207 204 206 202 209 206 201 208 207 210 207 204 204 204 204 207 204 204 201 209 207 205 207 212 209 203 208 206 203 203 202 204 202 208 212 205 207 207 202 201 207 207 205 202 206 208 206 203 209 202 205 205 202 210 206 203 133 12756 304 13946 0
207 205 204 208 203 203 210 208 208 204 203 206 203 204 205 204 204 205 209 209 210 203 209 201 202 206 208 203 206 202 212 204 204 205 207 213 204 207 207 202 208 209 204 201 206 207 205 205 207 205 208 205 207 206 206 207 204 206 206 200 203 205 209 208 204 212 207 210 208 208 209 204 203 204 209 207 203 203 205 207 206 207 212 201 207 201 208 203 210 212 202 204 209 205 202 204 203 205 207 208 208 208 204 206 210 203 202 203 210 204 206 210 206 208 206 209 206 203 211 208 209 206 207 211 204 206 206 206 204 207 209 205 205 204 202 208 208 205 205 201 204 202 207 199 203 208 205 203 208 205 207 200 206 207 204 206 204 208 201 201 203 199 204 204 207 208 206 209 205 204 203 205 208 206 207 206 209 208 198 202 204 207 207 205 204 200 205 204 207 205 209 205 205 207 208 205 205 204 205 207 203 203 206 203 205 210 206 202 205 206 203 206 212 207 206 203 210 206 203 208 205 203 208 204 204 201 208 208 207 203 208 210 204 206 206 201 204 208 207 200 203 207 210 203 204 209 207 207 201 206 206 203 207 203 207 206 142 10084 304 13946 0
204 205 204 207 211 206 206 201 203 208 208 207 209 209 202 205 212 207 207 208 203 205 206 204 207 208 205 202 206 202 205 207 205 201 202 208 209 204 201 208 206 209 204 205 207 204 202 209 209 203 205 209 202 204 202 201 205 202 206 207 209 210 204 210 205 204 210 204 202 190 219 195 211 197 202 207 205 204 209 207 208 196 204 203 211 204 205 206 209 208 209 202 205 204 202 205 203 205 204 204 206 202 206 204 202 199 206 199 207 203 202 207 202 202 206 207 203 202 210 206 205 208 203 206 205 209 202 205 205 207 204 204 204 207 206 205 201 205 206 201 207 209 207 211 202 205 210 205 205 202 205 205 207 207 197 201 205 205 205 204 209 211 206 207 203 205 205 208 206 204 203 205 205 210 207 202 211 207 202 210 199 208 212 206 202 206 210 205 205 209 205 208 204 209 208 204 212 201 207 207 207 209 206 210 202 206 206 206 205 209 205 207 205 211 205 207 207 207 205 207 203 206 200 208 205 207 201 202 208 206 199 204 207 205 203 206 205 207 209 207 207 204 209 205 206 205 201 203 207 204 207 204 208 204 208 206 147 12282 304 13946 0
201 211 207 206 206 205 203 205 205 209 207 204 205 203 211 202 205 205 207 205 201 211 204 203 203 208 206 204 204 203 204 205 210 208 200 203 202 205 207 205 201 205 204 206 206 206 204 208 208 205 209 205 206 204 202 206 207 211 207 201 203 205 206 205 209 202 211 205 207 209 204 205 207 206 207 203 209 203 203 202 202 207 204 203 209 208 206 206 203 204 209 206 208 211 204 202 206 209 206 206 210 205 207 206 206 206 207 205 209 210 205 205 211 204 211 209 208 204 205 202 207 201 204 206 209 202 205 207 201 204 205 210 202 208 205 206 204 208 207 206 205 204 206 204 202 211 204 203 202 209 207 205 203 205 201 202 209 206 195 205 207 208 204 205 204 201 211 201 203 203 206 205 205 201 201 204 203 201 208 205 207 203 206 208 202 208 204 208 205 208 205 202 207 203 207 206 202 209 204 209 205 206 206 204 202 206 206 203 207 200 200 205 205 207 201 206 203 202 210 210 206 205 204 202 208 207 208 204 203 204 206 213 204 207 205 207 208 204 207 208 208 205 209 204 206 209 207 206 208 205 201 205 208 206 203 206 152 10882 304 13946 0
209 205 209 209 207 205 206 206 207 209 207 211 204 200 203 203 200 208 204 210 204 210 203 203 201 202 205 206 205 204 205 205 202 204 205 205 208 205 204 207 202 207 206 203 203 201 205 207 209 202 205 204 207 205 200 204 208 204 209 208 210 208 202 206 204 205 205 205 205 200 207 208 207 206 203 203 203 207 205 208 202 204 204 205 203 203 204 209 209 204 206 206 206 210 205 202 209 206 204 204 205 204 206 208 204 209 201 206 206 203 203 205 203 205 204 204 199 210 209 204 205 207 212 206 204 200 210 202 205 205 207 204 201 207 204 201 204 208 209 206 203 207 203 204 203 206 207 205 206 207 202 200 206 203 209 203 208 202 205 207 206 201 206 203 204 207 207 206 208 198 204 207 206 203 203 206 207 205 206 204 205 203 208 203 211 210 206 203 208 202 207 211 207 206 202 203 209 207 200 204 203 205 205 213 210 204 204 207 209 203 206 204 207 206 201 211 212 205 207 205 209 201 203 203 205 206 204 206 204 202 208 208 206 207 208 208 207 204 204 207 207 200 206 211 206 203 205 201 207 208 206 208 206 206 208 211 157 8993 304 13946 0
206 204 205 212 205 205 208 201 208 211 212 205 207 209 205 210 208 209 204 203 212 208 205 202 208 210 204 207 208 207 201 205 206 208 210 206 207 206 203 208 203 206 206 208 209 205 207 202 209 207 207 205 207 205 209 212 206 201 201 202 207 201 204 204 204 203 201 204 204 202 203 205 208 203 206 200 198 220 193 203 197 207 204 208 209 207 205 203 208 207 204 207 209 204 205 210 207 206 204 211 212 207 206 202 203 203 202 206 211 200 206 208 206 207 204 208 210 204 206 203 202 207 205 208 209 201 204 209 211 200 205 205 205 206 202 207 206 202 203 205 207 203 204 207 206 211 210 206 200 203 205 202 209 209 202 204 210 206 207 205 208 207 203 203 205 210 206 208 209 207 207 204 207 199 206 211 208 206 199 206 210 205 207 206 201 208 205 208 209 205 208 207 204 202 209 207 208 209 207 210 208 205 209 205 200 208 206 205 212 206 204 208 208 202 206 204 191 204 205 198 206 207 206 205 208 203 209 211 202 202 204 212 208 206 208 206 208 207 210 208 207 213 205 209 209 208 208 203 207 203 210 206 208 209 203 211 162 6803 304 13946 0