5678 5687 5667 5642 5654 4678 3228 1656 -59 -1825 -3653 -5480 -7199 -8192 -8192 -8192 -8192 -8192 -8192 -8192 -8192 -8192 -8192 -8192 -8192 -8192 -6626 -4681 -2866 -1132 585 2279 3888 5065 5544 5676 5717 5714 5702 5681 5684 5658 4871 3416 1814 99 -1698 -3533 -5372 -7143 -8192 -8192 -8192 -8192 -8192 -8192 -8192 -8192 -8192 -8192 -8192 -8192 -8192 -8128 -5922 -4035 -2255 -539 1157 2840 4367 5305 5614 5702 5731 5728 5699 5698 5691 5079 3645 2049 351 -1428 -3256 -5099 -6871 -8192 -8192 -8192 -8192 -8192 -8192 -8192 -8192 -8192 -8192 -8192 -8192 -8192 -8192 -6359 -4442 -2648 -927 776 2462 4052 5160 5585 5708 5751 5748 5725 5726 5716 5204 3784 2179 498 -1271 -3088 -4952 -6719 -8192 -8192 -8192 -8192 -8192 -8192 -8192 -8192 -8192 -8192 -8192 -8192 -8192 -8192 -6976 -5021 -3193 -1458 253 1953 3590 4908 5509 5709 5760 5768 5761 5750 5742 5705 4632 3114 1520 -220 -2014 -3855 -5695 -7422 -8192 -8192 -8192 -8192 -8192 -8192 -8192 -8192 -8192 -8192 -8192 -8192 -7606 -5514 -3641 -1880 -171 1533 3199 4643 5412 5673 5752 5781 5779 5761 5762 5612 4208 2618 977 -774 -2582 -4428 -6233 -7913 -8192 -8192 -8192 -8192 -8192 -8192 -8192 -8192 -8192 -8192 -8192 -8192 -8192 -8192 -6536 -4613 -2805 -1078 629 2324 3925 5107 5591 5748 5807 5811 5797 5793 5594 4210 2621 982 -762 -2558 -4395 -6189 -7845 -8192 -8192 -8192 -8192 -8192 -8192 -8192 -8192 -8192 -8192 -8192 -8192 -8192 -7860 -5723 -3860 -2101 -386 1318 2986 4488 5370 176 1977 304 15336
5859 5857 5847 5663 4299 2718 1087 -664 -2465 -4308 -6112 -7791 -8192 -8192 -8192 -8192 -8192 -8192 -8192 -8192 -8192 -8192 -8192 -8192 -8192 -8192 -7332 -5319 -3482 -1748 -45 1656 3317 4733 5478 5742 5845 5875 5869 5867 5857 4783 3286 1719 9 -1763 -3599 -5413 -7144 -8192 -8192 -8192 -8192 -8192 -8192 -8192 -8192 -8192 -8192 -8192 -8192 -8192 -8192 -8157 -5938 -4070 -2307 -590 1107 2792 4341 5316 5697 5823 5883 5889 5891 5883 4966 3571 2007 312 -1457 -3269 -5096 -6851 -8192 -8192 -8192 -8192 -8192 -8192 -8192 -8192 -8192 -8192 -8192 -8192 -8192 -8192 -8192 -6027 -4139 -2364 -665 1043 2723 4292 5290 5688 5832 5894 5909 5907 5902 5153 3754 2201 517 -1254 -3066 -4890 -6677 -8192 -8192 -8192 -8192 -8192 -8192 -8192 -8192 -8192 -8192 -8192 -8192 -8192 -8192 -8192 -7729 -5630 -3777 -2027 -321 1378 3047 4545 5410 5734 5861 5919 5919 5917 5904 5884 5287 3825 2240 545 -1226 -3041 -4867 -6670 -8192 -8192 -8192 -8192 -8192 -8192 -8192 -8192 -8192 -8192 -8192 -8192 -8192 -8192 -8192 -6026 -4146 -2373 -667 1032 2716 4264 5283 5691 5849 5910 5930 5934 5916 4954 3548 1988 292 -1477 -3287 -5117 -6863 -8192 -8192 -8192 -8192 -8192 -8192 -8192 -8192 -8192 -8192 -8192 -8192 -8192 -8192 -7642 -5563 -3696 -1936 -218 1487 3153 4624 5430 5747 5879 5935 5944 5936 5942 5209 3798 2229 540 -1227 -3041 -4883 -6674 -8192 -8192 -8192 -8192 -8192 -8192 -8192 -8192 -8192 -8192 -8192 -8192 -8192 -8192 -8192 -6172 -4285 -2507 -796 908 2595 176 2312 304 15336
-8192 -8192 -8192 -8192 -8192 -8192 -7667 -5577 -3718 -1960 -250 1458 3118 4587 5427 5758 5892 5953 5984 5625 4316 2762 1147 -574 -2344 -4148 -5930 -7606 -8192 -8192 -8192 -8192 -8192 -8192 -8192 -8192 -8192 -8192 -8192 -8192 -8192 -7000 -5026 -3195 -1452 260 1963 3601 4914 5552 5811 5925 5976 5987 5989 5293 3913 2352 675 -1079 -2878 -4712 -6463 -8094 -8192 -8192 -8192 -8192 -8192 -8192 -8192 -8192 -8192 -8192 -8192 -8192 -8192 -8192 -6456 -4546 -2744 -1029 673 2375 3980 5150 5657 5859 5951 5991 6003 5876 4561 2985 1377 -358 -2141 -3947 -5737 -7431 -8192 -8192 -8192 -8192 -8192 -8192 -8192 -8192 -8192 -8192 -8192 -8192 -8192 -8192 -7444 -5399 -3545 -1802 -93 1611 3279 4717 5491 5789 5926 5987 6019 5995 4853 3324 1755 44 -1721 -3534 -5341 -7065 -8192 -8192 -8192 -8192 -8192 -8192 -8192 -8192 -8192 -8192 -8192 -8192 -8192 -8192 -8151 -5936 -4057 -2289 -574 1127 2816 4355 5327 5733 5900 5983 6019 6040 5227 3860 2326 656 -1094 -2885 -4706 -6457 -8070 -8192 -8192 -8192 -8192 -8192 -8192 -8192 -8192 -8192 -8192 -8192 -8192 -8192 -8192 -6685 -4753 -2954 -1221 489 2187 3808 5055 5628 5856 5960 6008 6026 4958 3448 1886 191 -1552 -3344 -5130 -6851 -8192 -8192 -8192 -8192 -8192 -8192 -8192 -8192 -8192 -8192 -8192 -8192 -8192 -8192 -6896 -4946 -3125 -1394 312 2010 3648 4954 5583 5838 5952 6020 6049 6015 4769 3220 1624 -93 -1864 -3669 -5455 -7189 -8192 -8192 -8192 -8192 -8192 -8192 -8192 -8192 -8192 -8192 -8192 -8192 -8192 176 2593 304 15336
-8192 -8192 -8192 -8192 -8192 -8192 -7114 -5129 -3301 -1552 156 1857 3506 4866 5555 5842 5986 6055 6103 5441 4102 2574 922 -803 -2582 -4392 -6156 -7798 -8192 -8192 -8192 -8192 -8192 -8192 -8192 -8192 -8192 -8192 -8192 -8192 -8192 -8192 -6514 -4599 -2799 -1075 635 2318 3933 5126 5665 5890 6011 6083 6118 5171 3741 2211 528 -1218 -3005 -4815 -6540 -8136 -8192 -8192 -8192 -8192 -8192 -8192 -8192 -8192 -8192 -8192 -8192 -8192 -8192 -8182 -5964 -4077 -2303 -596 1114 2794 4340 5312 5746 5926 6037 6090 6124 5761 4420 2849 1215 -524 -2295 -4114 -5912 -7591 -8192 -8192 -8192 -8192 -8192 -8192 -8192 -8192 -8192 -8192 -8192 -8192 -8192 -8192 -7465 -5421 -3558 -1810 -100 1610 3274 4714 5487 5813 5979 6070 6111 6127 5264 3858 2314 625 -1127 -2921 -4740 -6501 -8117 -8192 -8192 -8192 -8192 -8192 -8192 -8192 -8192 -8192 -8192 -8192 -8192 -8192 -8192 -6076 -4190 -2416 -706 1005 2694 4263 5294 5721 5932 6043 6096 6131 5245 3851 2314 634 -1121 -2898 -4728 -6469 -8083 -8192 -8192 -8192 -8192 -8192 -8192 -8192 -8192 -8192 -8192 -8192 -8192 -8192 -8017 -5833 -3958 -2186 -475 1236 2916 4437 5364 5767 5946 6048 6103 6034 4771 3215 1627 -79 -1845 -3632 -5436 -7132 -8192 -8192 -8192 -8192 -8192 -8192 -8192 -8192 -8192 -8192 -8192 -8192 -8192 -8192 -6433 -4527 -2720 -1003 701 2391 3995 5155 5666 5908 6028 6099 6127 5073 3555 2006 320 -1424 -3212 -5011 -6751 -8192 -8192 -8192 -8192 -8192 -8192 -8192 -8192 -8192 -8192 -8192 -8192 -8192 -8192 176 3098 304 15336
-8192 -8192 -8192 -8192 -8192 -8192 -8192 -6792 -4838 -3025 -1290 432 2134 3751 5019 5618 5875 6019 6085 6133 5072 3561 2002 313 -1439 -3221 -5025 -6766 -8192 -8192 -8192 -8192 -8192 -8192 -8192 -8192 -8192 -8192 -8192 -8192 -8192 -8192 -6886 -4927 -3101 -1361 346 2053 3681 4981 5601 5864 6011 6087 6150 5214 3741 2203 516 -1221 -3005 -4807 -6547 -8119 -8192 -8192 -8192 -8192 -8192 -8192 -8192 -8192 -8192 -8192 -8192 -8192 -8192 -7320 -5299 -3451 -1701 0 1697 3351 4774 5516 5832 5991 6087 6141 5451 4099 2588 928 -796 -2565 -4380 -6142 -7758 -8192 -8192 -8192 -8192 -8192 -8192 -8192 -8192 -8192 -8192 -8192 -8192 -8192 -8192 -6079 -4194 -2395 -671 1030 2716 4272 5288 5736 5943 6053 6121 6153 5276 3804 2269 574 -1180 -2976 -4788 -6537 -8118 -8192 -8192 -8192 -8192 -8192 -8192 -8192 -8192 -8192 -8192 -8192 -8192 -8192 -8144 -5930 -4045 -2266 -556 1152 2832 4384 5347 5760 5951 6058 6127 5169 3692 2168 504 -1218 -2995 -4781 -6498 -8076 -8192 -8192 -8192 -8192 -8192 -8192 -8192 -8192 -8192 -8192 -8192 -8192 -8192 -6604 -4680 -2869 -1143 574 2272 3885 5081 5648 5891 6026 6113 6159 5208 3741 2207 511 -1236 -3021 -4825 -6574 -8142 -8192 -8192 -8192 -8192 -8192 -8192 -8192 -8192 -8192 -8192 -8192 -8192 -8192 -6488 -4570 -2762 -1034 669 2364 3972 5135 5662 5904 6029 6108 6122 4924 3391 1820 117 -1633 -3420 -5201 -6926 -8192 -8192 -8192 -8192 -8192 -8192 -8192 -8192 -8192 -8192 -8192 -8192 -8192 -7289 -5264 -3415 -1663 54 176 3452 304 15336
-8192 -8192 -8192 -8192 -8192 -8192 -8192 -6392 -4474 -2668 -944 775 2471 4064 5178 5682 5912 6041 6110 6174 5304 3877 2334 649 -1107 -2900 -4715 -6466 -8059 -8192 -8192 -8192 -8192 -8192 -8192 -8192 -8192 -8192 -8192 -8192 -8192 -8192 -7637 -5553 -3689 -1922 -203 1512 3169 4640 5455 5809 5979 6084 6153 5263 3797 2264 587 -1155 -2931 -4730 -6457 -8044 -8192 -8192 -8192 -8192 -8192 -8192 -8192 -8192 -8192 -8192 -8192 -8192 -8192 -7019 -5043 -3201 -1466 248 1956 3601 4925 5579 5859 6014 6112 6163 5162 3660 2119 425 -1323 -3092 -4901 -6632 -8192 -8192 -8192 -8192 -8192 -8192 -8192 -8192 -8192 -8192 -8192 -8192 -8192 -8192 -6405 -4456 -2683 -934 760 2468 4048 5171 5666 5918 6044 6125 6170 5111 3586 2033 338 -1413 -3198 -4981 -6732 -8192 -8192 -8192 -8192 -8192 -8192 -8192 -8192 -8192 -8192 -8192 -8192 -8192 -8192 -6092 -4200 -2420 -698 1008 2694 4245 5277 5719 5939 6058 6135 5993 4705 3165 1563 -141 -1893 -3671 -5462 -7147 -8192 -8192 -8192 -8192 -8192 -8192 -8192 -8192 -8192 -8192 -8192 -8192 -8192 -6744 -4795 -2976 -1248 458 2149 3777 5019 5613 5874 6032 6112 6166 5137 3631 2077 386 -1354 -3127 -4928 -6659 -8192 -8192 -8192 -8192 -8192 -8192 -8192 -8192 -8192 -8192 -8192 -8192 -8192 -7090 -5100 -3252 -1504 215 1914 3555 4893 5554 5840 6009 6103 6172 6081 4773 3210 1603 -125 -1891 -3703 -5522 -7226 -8192 -8192 -8192 -8192 -8192 -8192 -8192 -8192 -8192 -8192 -8192 -8192 -8192 -8192 -6069 -4172 -2379 -657 1052 2737 176 3732 304 15336
1767 3422 4799 5515 5832 6000 6094 6159 5775 4443 2902 1261 -471 -2241 -4048 -5838 -7529 -8192 -8192 -8192 -8192 -8192 -8192 -8192 -8192 -8192 -8192 -8192 -8192 -7893 -5732 -3847 -2080 -362 1349 3025 4512 5389 5772 5958 6076 6149 5945 4630 3077 1470 -253 -2008 -3812 -5595 -7306 -8192 -8192 -8192 -8192 -8192 -8192 -8192 -8192 -8192 -8192 -8192 -8192 -8043 -5838 -3954 -2172 -455 1255 2931 4445 5360 5752 5958 6070 6146 6153 4924 3376 1787 67 -1691 -3480 -5288 -6996 -8192 -8192 -8192 -8192 -8192 -8192 -8192 -8192 -8192 -8192 -8192 -8192 -8192 -6616 -4676 -2855 -1125 582 2280 3885 5087 5642 5891 6038 6128 6185 5434 4025 2498 825 -927 -2710 -4509 -6274 -7884 -8192 -8192 -8192 -8192 -8192 -8192 -8192 -8192 -8192 -8192 -8192 -7169 -5162 -3310 -1564 141 1841 3490 4840 5526 5826 5997 6100 6160 5748 4400 2861 1218 -512 -2275 -4074 -5844 -7501 -8192 -8192 -8192 -8192 -8192 -8192 -8192 -8192 -8192 -8192 -8192 -8192 -7980 -5796 -3913 -2140 -427 1285 2960 4459 5368 5758 5965 6079 6151 5712 4380 2855 1227 -503 -2262 -4051 -5823 -7497 -8192 -8192 -8192 -8192 -8192 -8192 -8192 -8192 -8192 -8192 -8192 -8192 -8079 -5867 -3975 -2191 -472 1243 2922 4445 5357 5756 5948 6078 6162 6053 4760 3205 1587 -130 -1888 -3679 -5473 -7183 -8192 -8192 -8192 -8192 -8192 -8192 -8192 -8192 -8192 -8192 -8192 -8192 -8192 -6567 -4751 -2793 -1163 621 2268 3915 5083 5640 5883 6040 6132 6184 5104 3594 2031 337 -1416 -3191 -4982 -6727 -8192 -8192 176 4093 304 15336
-8192 -8192 -8192 -8192 -8192 -8192 -8192 -8192 -6559 -4620 -2802 -1074 638 2335 3935 5107 5645 5896 6040 6136 6197 5473 4060 2529 847 -892 -2677 -4481 -6261 -7879 -8192 -8192 -8192 -8192 -8192 -8192 -8192 -8192 -8192 -8192 -8192 -8192 -6061 -4153 -2363 -638 1079 2761 4307 5285 5717 5934 6069 6156 6213 5288 3816 2260 557 -1190 -2977 -4784 -6538 -8131 -8192 -8192 -8192 -8192 -8192 -8192 -8192 -8192 -8192 -8192 -8192 -7839 -5683 -3802 -2029 -317 1391 3061 4543 5403 5774 5968 6079 6163 5566 4176 2665 1010 -717 -2486 -4267 -6032 -7675 -8192 -8192 -8192 -8192 -8192 -8192 -8192 -8192 -8192 -8192 -8192 -8192 -6663 -4723 -2900 -1166 547 2233 3847 5062 5630 5888 6038 6134 6200 6197 4940 3369 1761 35 -1735 -3555 -5370 -7094 -8192 -8192 -8192 -8192 -8192 -8192 -8192 -8192 -8192 -8192 -8192 -8192 -7811 -5667 -3791 -2021 -300 1413 3069 4559 5403 5783 5973 6090 6173 6217 5380 3931 2383 689 -1058 -2849 -4669 -6421 -8041 -8192 -8192 -8192 -8192 -8192 -8192 -8192 -8192 -8192 -8192 -8192 -8192 -6478 -4543 -2736 -1013 698 2395 3984 5134 5657 5906 6052 6140 6206 5430 4026 2487 811 -929 -2708 -4523 -6280 -7908 -8192 -8192 -8192 -8192 -8192 -8192 -8192 -8192 -8192 -8192 -8192 -8192 -6238 -4331 -2533 -803 898 2589 4161 5219 5691 5918 6055 6159 6212 5586 4228 2608 1012 -765 -2536 -4358 -6132 -7776 -8192 -8192 -8192 -8192 -8192 -8192 -8192 -8192 -8192 -8192 -8192 -7756 -5613 -3735 -1968 -248 1459 3120 4592 5415 5775 5966 6086 176 4591 304 15336
-8192 -8192 -8192 -8192 -8192 -8192 -8192 -6518 -4584 -2767 -1038 677 2372 3969 5111 5643 5897 6037 6138 6205 6058 4719 3146 1518 -216 -1983 -3789 -5592 -7286 -8192 -8192 -8192 -8192 -8192 -8192 -8192 -8192 -8192 -8192 -8192 -8192 -6183 -4266 -2472 -745 966 2648 4212 5243 5705 5927 6064 6150 6213 6260 5353 3864 2289 574 -1188 -2991 -4819 -6568 -8190 -8192 -8192 -8192 -8192 -8192 -8192 -8192 -8192 -8192 -8192 -8192 -8192 -7008 -5019 -3182 -1439 272 1980 3618 4925 5571 5856 6022 6127 6199 6125 4829 3259 1641 -84 -1836 -3641 -5444 -7152 -8192 -8192 -8192 -8192 -8192 -8192 -8192 -8192 -8192 -8192 -8192 -8192 -6811 -4842 -3016 -1285 423 2116 3744 4996 5605 5869 6022 6129 6195 6257 6123 4754 3158 1517 -223 -2001 -3824 -5639 -7339 -8192 -8192 -8192 -8192 -8192 -8192 -8192 -8192 -8192 -8192 -8192 -8192 -6380 -4453 -2645 -920 785 2474 4060 5170 5672 5903 6043 6144 6205 6252 5257 3741 2173 461 -1302 -3106 -4923 -6674 -8192 -8192 -8192 -8192 -8192 -8192 -8192 -8192 -8192 -8192 -8192 -8192 -6686 -4741 -2916 -1188 522 2214 3839 5050 5606 5878 6024 6124 6194 6217 5063 3489 1895 172 -1587 -3384 -5198 -6944 -8192 -8192 -8192 -8192 -8192 -8192 -8192 -8192 -8192 -8192 -8192 -7891 -5721 -3838 -2064 -346 1356 3032 4517 5382 5760 5954 6079 6160 6219 5657 4250 2695 1029 -719 -2511 -4323 -6106 -7742 -8192 -8192 -8192 -8192 -8192 -8192 -8192 -8192 -8192 -8192 -8192 -6761 -4805 -2986 -1246 466 2164 3775 5010 5590 5867 6023 176 4863 304 15336
613 2309 3904 5079 5633 5889 6037 6132 6203 6223 5022 3462 1853 128 -1634 -3425 -5231 -6971 -8192 -8192 -8192 -8192 -8192 -8192 -8192 -8192 -8192 -8192 -8192 -8192 -7441 -5380 -3509 -1754 -35 1669 3330 4735 5485 5812 5991 6104 6184 5946 4614 3065 1439 -284 -2047 -3847 -5626 -7327 -8192 -8192 -8192 -8192 -8192 -8192 -8192 -8192 -8192 -8192 -8192 -8033 -5824 -3932 -2163 -448 1249 2933 4439 5358 5749 5953 6079 6160 6231 5705 4312 2762 1099 -642 -2421 -4232 -6017 -7669 -8192 -8192 -8192 -8192 -8192 -8192 -8192 -8192 -8192 -8192 -8192 -6379 -4456 -2652 -915 792 2488 4071 5174 5661 5902 6045 6142 6207 6179 4884 3308 1692 -35 -1801 -3623 -5420 -7126 -8192 -8192 -8192 -8192 -8192 -8192 -8192 -8192 -8192 -8192 -8192 -7047 -5052 -3202 -1454 260 1962 3607 4913 5554 5837 6004 6119 6199 6246 5391 3927 2368 661 -1079 -2895 -4708 -6476 -8087 -8192 -8192 -8192 -8192 -8192 -8192 -8192 -8192 -8192 -8192 -8192 -6029 -4094 -2336 -583 1105 2797 4319 5290 5714 5930 6064 6160 6223 6231 4995 3422 1816 95 -1671 -3490 -5303 -7020 -8192 -8192 -8192 -8192 -8192 -8192 -8192 -8192 -8192 -8192 -8192 -8050 -5837 -3947 -2173 -450 1253 2932 4436 5344 5734 5960 6073 6166 6216 6197 4876 3298 1675 -55 -1834 -3636 -5433 -7160 -8192 -8192 -8192 -8192 -8192 -8192 -8192 -8192 -8192 -8192 -8192 -7713 -5580 -3702 -1938 -223 1487 3151 4604 5415 5775 5970 6098 6175 6246 5818 4429 2871 1218 -525 -2300 -4111 -5912 -7599 -8192 -8192 -8192 176 5147 304 15336
1147 2827 4352 5300 5717 5933 6066 6154 6215 6247 5145 3583 1982 257 -1525 -3331 -5135 -6896 -8192 -8192 -8192 -8192 -8192 -8192 -8192 -8192 -8192 -8192 -8192 -7768 -5619 -3733 -1963 -244 1464 3136 4592 5409 5769 5970 6092 6173 6232 6266 5071 3481 1871 146 -1617 -3432 -5253 -6996 -8192 -8192 -8192 -8192 -8192 -8192 -8192 -8192 -8192 -8192 -8192 -8117 -5884 -3987 -2206 -490 1214 2885 4399 5327 5736 5947 6074 6163 6229 5979 4609 3040 1398 -331 -2108 -3913 -5710 -7390 -8192 -8192 -8192 -8192 -8192 -8192 -8192 -8192 -8192 -8192 -8192 -7617 -5517 -3644 -1883 -167 1530 3196 4638 5435 5788 5979 6096 6185 6242 5895 4503 2938 1288 -461 -2237 -4052 -5856 -7538 -8192 -8192 -8192 -8192 -8192 -8192 -8192 -8192 -8192 -8192 -8192 -6894 -4922 -3088 -1341 377 2078 3712 4970 5581 5859 6015 6129 6204 6257 5556 4106 2554 854 -901 -2693 -4513 -6287 -7922 -8192 -8192 -8192 -8192 -8192 -8192 -8192 -8192 -8192 -8192 -8023 -5802 -3914 -2135 -414 1290 2965 4462 5356 5741 5953 6078 6158 6237 6264 5136 3571 1979 256 -1506 -3314 -5119 -6853 -8192 -8192 -8192 -8192 -8192 -8192 -8192 -8192 -8192 -8192 -8192 -7117 -5107 -3260 -1515 210 1908 3547 4868 5527 5836 6001 6118 6192 6252 6288 5506 4031 2452 743 -1028 -2828 -4665 -6427 -8053 -8192 -8192 -8192 -8192 -8192 -8192 -8192 -8192 -8192 -8192 -8192 -7266 -5239 -3375 -1629 78 1787 3441 4806 5508 5821 5999 6110 6199 6242 6275 5052 3457 1839 110 -1661 -3482 -5291 -7024 -8192 176 5449 304 15336
-979 729 2419 4012 5132 5646 5893 6041 6138 6212 6288 5514 4184 2526 927 -909 -2636 -4506 -6221 -7895 -8192 -8192 -8192 -8192 -8192 -8192 -8192 -8192 -8192 -8192 -7119 -5113 -3261 -1511 199 1904 3544 4853 5531 5829 5995 6109 6190 6248 6095 4719 3125 1490 -251 -2010 -3830 -5639 -7332 -8192 -8192 -8192 -8192 -8192 -8192 -8192 -8192 -8192 -8192 -8103 -5870 -3970 -2192 -470 1240 2911 4417 5335 5731 5939 6078 6162 6235 6274 5455 3974 2404 701 -1049 -2850 -4678 -6441 -8065 -8192 -8192 -8192 -8192 -8192 -8192 -8192 -8192 -8192 -8192 -7660 -5552 -3669 -1900 -189 1516 3176 4619 5429 5776 5964 6095 6179 6239 6240 4985 3392 1765 36 -1726 -3538 -5358 -7070 -8192 -8192 -8192 -8192 -8192 -8192 -8192 -8192 -8192 -8192 -8146 -5900 -4003 -2220 -505 1206 2878 4391 5309 5720 5940 6073 6165 6044 4745 3197 1593 -113 -1872 -3646 -5446 -7148 -8192 -8192 -8192 -8192 -8192 -8192 -8192 -8192 -8192 -8192 -7204 -5179 -3323 -1578 136 1842 3485 4823 5514 5822 5996 6111 6193 6234 5193 3684 2106 401 -1355 -3140 -4959 -6705 -8192 -8192 -8192 -8192 -8192 -8192 -8192 -8192 -8192 -8192 -8192 -7192 -5166 -3314 -1559 152 1849 3509 4838 5524 5823 5999 6114 6196 6262 6026 4629 3036 1387 -350 -2130 -3956 -5746 -7439 -8192 -8192 -8192 -8192 -8192 -8192 -8192 -8192 -8192 -8192 -8192 -5985 -4088 -2292 -573 1138 2813 4340 5292 5714 5933 6068 6168 6232 6279 5298 3775 2197 480 -1286 -3084 -4877 -6635 -8192 -8192 -8192 -8192 -8192 -8192 176 5788 304 15336
-8192 -8192 -8192 -8192 -8192 -8192 -8192 -7025 -5036 -3200 -1458 251 1946 3585 4894 5540 5838 6012 6123 6197 6266 6162 4786 3197 1564 -169 -1944 -3766 -5573 -7297 -8192 -8192 -8192 -8192 -8192 -8192 -8192 -8192 -8192 -8192 -8192 -6047 -4145 -2345 -622 1091 2777 4309 5279 5713 5923 6069 6164 6224 6276 5385 3894 2318 609 -1153 -2944 -4779 -6532 -8129 -8192 -8192 -8192 -8192 -8192 -8192 -8192 -8192 -8192 -8192 -6920 -4939 -3104 -1359 358 2060 3688 4963 5572 5843 6012 6124 6208 6252 6302 5528 4039 2457 746 -1001 -2822 -4645 -6433 -8053 -8192 -8192 -8192 -8192 -8192 -8192 -8192 -8192 -8192 -8192 -8192 -6677 -4716 -2885 -1146 560 2250 3864 5061 5619 5886 6038 6144 6218 6279 6175 4800 3202 1558 -190 -1965 -3781 -5598 -7303 -8192 -8192 -8192 -8192 -8192 -8192 -8192 -8192 -8192 -8192 -8192 -6785 -4822 -2991 -1256 459 2154 3775 5005 5593 5866 6027 6127 6208 6273 6305 5465 3963 2384 671 -1095 -2907 -4741 -6499 -8124 -8192 -8192 -8192 -8192 -8192 -8192 -8192 -8192 -8192 -8192 -7362 -5309 -3447 -1684 29 1731 3381 4757 5485 5810 5989 6107 6194 6243 6297 5335 3818 2239 523 -1245 -3049 -4864 -6634 -8192 -8192 -8192 -8192 -8192 -8192 -8192 -8192 -8192 -8192 -8192 -6895 -5043 -3059 -1438 362 1991 3673 4914 5569 5837 6013 6115 6203 6252 6155 4781 3189 1556 -181 -1956 -3772 -5578 -7279 -8192 -8192 -8192 -8192 -8192 -8192 -8192 -8192 -8192 -8192 -7372 -5316 -3456 -1695 24 1736 3388 4767 5482 5798 5988 6100 6182 176 6077 304 15336
-491 1221 2891 4403 5318 5732 5936 6067 6170 6231 6279 5795 4357 2777 1105 -649 -2435 -4264 -6056 -7712 -8192 -8192 -8192 -8192 -8192 -8192 -8192 -8192 -8192 -8192 -7509 -5423 -3560 -1792 -90 1613 3270 4684 5454 5783 5975 6104 6181 6251 6288 5178 3620 2029 303 -1465 -3279 -5084 -6827 -8192 -8192 -8192 -8192 -8192 -8192 -8192 -8192 -8192 -8192 -8132 -5888 -3998 -2213 -490 1222 2895 4420 5321 5727 5940 6072 6167 6231 6211 4900 3326 1701 -29 -1798 -3609 -5416 -7142 -8192 -8192 -8192 -8192 -8192 -8192 -8192 -8192 -8192 -8192 -7258 -5223 -3365 -1609 103 1810 3455 4807 5504 5815 5996 6112 6190 6248 6297 5307 3765 2173 460 -1304 -3121 -4930 -6686 -8192 -8192 -8192 -8192 -8192 -8192 -8192 -8192 -8192 -8192 -7863 -5686 -3793 -2021 -303 1410 3088 4557 5387 5766 5949 6084 6168 6242 6285 5504 4030 2456 756 -994 -2784 -4627 -6394 -8013 -8192 -8192 -8192 -8192 -8192 -8192 -8192 -8192 -8192 -8192 -6267 -4346 -2548 -829 874 2559 4129 5202 5668 5900 6053 6147 6216 6273 5769 4347 2775 1102 -642 -2427 -4245 -6019 -7679 -8192 -8192 -8192 -8192 -8192 -8192 -8192 -8192 -8192 -8192 -7706 -5576 -3697 -1929 -211 1494 3160 4613 5418 5776 5961 6089 6176 6248 6291 5528 4038 2467 758 -991 -2798 -4622 -6396 -8023 -8192 -8192 -8192 -8192 -8192 -8192 -8192 -8192 -8192 -8192 -7609 -5506 -3631 -1865 -146 1558 3215 4649 5433 5781 5976 6091 6186 6255 6294 5230 3684 2091 376 -1390 -3197 -5020 -6772 -8192 -8192 -8192 -8192 176 6358 304 15336
-8192 -8192 -8192 -8192 -8192 -8192 -7265 -5235 -3382 -1631 76 1773 3420 4786 5491 5802 5998 6116 6199 6264 6312 6075 4646 3040 1395 -353 -2143 -3975 -5770 -7478 -8192 -8192 -8192 -8192 -8192 -8192 -8192 -8192 -8192 -8192 -7141 -5125 -3271 -1523 192 1889 3537 4858 5520 5831 6003 6118 6201 6257 6303 5542 4052 2473 772 -991 -2797 -4620 -6396 -8008 -8192 -8192 -8192 -8192 -8192 -8192 -8192 -8192 -8192 -7841 -5672 -3792 -2019 -304 1411 3080 4554 5383 5754 5954 6087 6170 6245 6289 6255 4919 3307 1680 -55 -1826 -3642 -5459 -7191 -8192 -8192 -8192 -8192 -8192 -8192 -8192 -8192 -8192 -8192 -7161 -5144 -3294 -1548 168 1874 3517 4840 5514 5820 5996 6114 6190 6257 6298 6058 4623 3017 1367 -387 -2173 -3992 -5798 -7496 -8192 -8192 -8192 -8192 -8192 -8192 -8192 -8192 -8192 -8192 -7270 -5236 -3392 -1614 88 1794 3449 4801 5500 5817 5995 6111 6200 6261 6301 5692 4230 2652 970 -787 -2589 -4410 -6185 -7850 -8192 -8192 -8192 -8192 -8192 -8192 -8192 -8192 -8192 -8192 -8192 -6788 -4824 -2984 -1250 460 2158 3781 5010 5594 5867 6039 6148 6223 6290 6340 6367 6372 5694 4157 2555 854 -915 -2729 -4590 -6375 -8012 -8192 -8192 -8192 -8192 -8192 -8192 -8192 -8192 -8192 -8192 -6105 -4198 -2398 -676 1027 2713 4252 5246 5687 5916 6055 6161 6221 6287 6314 5711 4244 2658 969 -787 -2579 -4416 -6205 -7851 -8192 -8192 -8192 -8192 -8192 -8192 -8192 -8192 -8192 -7916 -5735 -3845 -2054 -336 1371 3046 4513 5363 5749 5947 6077 176 6987 304 15336
-8192 -8192 -8192 -7578 -5480 -3605 -1840 -122 1584 3246 4674 5448 5796 5991 6115 6206 6275 6331 6371 6383 6379 5157 3538 1909 173 -1606 -3459 -5300 -7049 -8192 -8192 -8192 -8192 -8192 -8192 -8192 -8192 -8192 -8192 -7221 -5181 -3332 -1585 138 1834 3471 4814 5496 5813 5988 6107 6196 6254 6310 6323 5444 3916 2338 629 -1135 -2938 -4770 -6533 -8162 -8192 -8192 -8192 -8192 -8192 -8192 -8192 -8192 -8192 -7166 -5148 -3301 -1545 166 1867 3509 4832 5510 5821 5991 6103 6191 6258 6301 6321 6265 4848 3224 1603 -129 -1908 -3737 -5556 -7296 -8192 -8192 -8192 -8192 -8192 -8192 -8192 -8192 -8192 -8192 -6529 -4586 -2773 -1051 655 2350 3940 5093 5618 5871 6030 6139 6206 6274 6306 6267 4916 3296 1676 -48 -1829 -3647 -5463 -7177 -8192 -8192 -8192 -8192 -8192 -8192 -8192 -8192 -8192 -8192 -6183 -4271 -2466 -748 945 2632 4193 5216 5671 5909 6045 6152 6222 6273 6306 6084 4626 3012 1369 -377 -2156 -3985 -5791 -7497 -8192 -8192 -8192 -8192 -8192 -8192 -8192 -8192 -8192 -8192 -6453 -4522 -2706 -979 724 2413 4008 5127 5639 5883 6037 6138 6214 6282 6308 6173 4745 3119 1473 -268 -2052 -3887 -5714 -7428 -8192 -8192 -8192 -8192 -8192 -8192 -8192 -8192 -8192 -8192 -7236 -5201 -3349 -1593 120 1819 3469 4808 5503 5818 5990 6116 6209 6265 6315 6319 5084 3505 1886 156 -1617 -3453 -5270 -7015 -8192 -8192 -8192 -8192 -8192 -8192 -8192 -8192 -8192 -8192 -8192 -7486 -5419 -3548 -1787 -67 1635 3289 4702 5464 5799 5985 6118 176 7400 304 15336
2363 3959 5099 5626 5876 6032 6147 6221 6282 6329 6331 6030 4540 2920 1272 -483 -2278 -4111 -5925 -7624 -8192 -8192 -8192 -8192 -8192 -8192 -8192 -8192 -8192 -7544 -5479 -3607 -1835 -122 1586 3227 4647 5432 5783 5968 6097 6189 6248 6288 6323 6330 5365 3812 2222 518 -1244 -3061 -4900 -6679 -8192 -8192 -8192 -8192 -8192 -8192 -8192 -8192 -8192 -8142 -5914 -4020 -2233 -514 1204 2878 4384 5306 5710 5936 6065 6159 6222 6195 4890 3319 1703 -21 -1779 -3572 -5367 -7084 -8192 -8192 -8192 -8192 -8192 -8192 -8192 -8192 -8192 -6302 -4393 -2589 -852 856 2547 4128 5184 5658 5893 6049 6142 6212 6246 6270 6120 4696 3076 1444 -290 -2074 -3904 -5719 -7441 -8192 -8192 -8192 -8192 -8192 -8192 -8192 -8192 -8192 -8192 -6694 -4747 -2916 -1173 538 2235 3845 5041 5605 5866 6037 6144 6222 6280 6329 6347 5721 4216 2615 927 -829 -2639 -4469 -6261 -7911 -8192 -8192 -8192 -8192 -8192 -8192 -8192 -8192 -8192 -7751 -5618 -3736 -1961 -244 1462 3122 4576 5401 5768 5957 6091 6180 6262 6303 6324 5852 4381 2781 1115 -640 -2445 -4265 -6072 -7738 -8192 -8192 -8192 -8192 -8192 -8192 -8192 -8192 -8192 -8192 -6477 -4540 -2724 -992 720 2415 4014 5131 5640 5895 6048 6152 6235 6296 6330 6357 5732 4237 2631 950 -822 -2567 -4595 -6190 -8002 -8192 -8192 -8192 -8192 -8192 -8192 -8192 -8192 -8192 -8192 -6411 -4511 -2699 -974 734 2432 4019 5132 5642 5896 6052 6153 6232 6299 6332 6365 6224 4759 3132 1492 -254 -2046 -3883 -5705 176 8030 304 15336
5520 5818 5999 6108 6194 6245 6282 6295 6274 5276 3735 2153 457 -1311 -3113 -4959 -6728 -8192 -8192 -8192 -8192 -8192 -8192 -8192 -8192 -8192 -7357 -5299 -3452 -1638 93 1788 3441 4790 5495 5813 5986 6105 6173 6212 6247 6224 6220 6260 6283 6302 6185 4683 3049 1442 -282 -2074 -3920 -5770 -7494 -8192 -8192 -8192 -8192 -8192 -8192 -8192 -8192 -8053 -5809 -3897 -2115 -398 1309 2985 4463 5333 5731 5930 6067 6154 6209 6253 6266 6248 6229 5379 3848 2264 582 -1177 -2983 -4827 -6609 -8192 -8192 -8192 -8192 -8192 -8192 -8192 -8192 -8192 -7305 -5158 -3343 -1585 128 1825 3478 4814 5492 5815 5987 6101 6179 6232 6268 6274 6258 6232 5176 3617 2024 322 -1452 -3279 -5128 -6896 -8192 -8192 -8192 -8192 -8192 -8192 -8192 -8192 -8192 -8019 -5750 -3873 -2088 -370 1338 3018 4498 5352 5744 5942 6080 6169 6237 6276 6310 6316 6190 4746 3120 1503 -230 -2023 -3860 -5694 -7405 -8192 -8192 -8192 -8192 -8192 -8192 -8192 -8192 -8192 -8192 -6102 -4239 -2441 -715 996 2679 4228 5236 5689 5913 6054 6159 6234 6294 6326 5202 3656 2062 353 -1407 -3202 -5024 -6766 -8192 -8192 -8192 -8192 -8192 -8192 -8192 -8192 -8192 -8192 -7958 -5759 -3877 -2096 -381 1328 3003 4489 5369 5758 5959 6093 6186 6262 6313 6344 5812 4346 2734 1055 -705 -2496 -4325 -6075 -7857 -8192 -8192 -8192 -8192 -8192 -8192 -8192 -8192 -8192 -8192 -6140 -4217 -2414 -690 1023 2706 4251 5252 5701 5920 6069 6171 6252 6297 6347 6361 5948 4455 2831 1162 176 8514 304 15336
-6557 -8162 -8192 -8192 -8192 -8192 -8192 -8192 -8192 -8192 -8192 -8119 -5924 -5112 -5029 -6157 -7550 -8192 -8192 -8192 -8192 -8192 -8192 -8192 -8192 -8192 -8192 -8192 -8192 -8192 -8192 -8192 -8192 -8192 -8192 -8192 -8192 -8192 -8192 -8192 -8192 -8192 -8192 -8192 -8192 -8192 -8192 -8192 -8192 -8192 -8192 -8192 -8192 -8192 -8192 -8192 -8192 -8192 -8192 -8192 -8192 -8192 -8192 -8171 -8149 -8154 -8120 -8105 -8006 -7686 -6605 -5653 -5817 -6763 -6641 -6922 -7696 -8192 -8192 -8192 -8192 -8192 -8192 -8192 -8021 -7696 -8126 -8192 -8192 -8151 -7867 -7965 -8027 -7734 -5623 -3677 -1906 -1330 -2841 -3179 -789 911 2600 4183 5320 5871 6060 6121 6179 6227 6258 6311 6367 6413 6441 6447 6453 6432 6189 4656 3044 1472 -249 -2019 -3848 -5675 -7382 -8192 -8192 -8192 -8192 -8192 -8192 -8192 -8192 -7498 -6538 -5789 -4810 -2595 -830 854 2543 4110 5206 5716 5937 6049 6066 6062 6117 6160 6224 6261 6288 6318 6315 6316 5826 4286 2676 1074 -642 -2450 -4293 -6096 -7785 -8192 -8192 -8192 -8192 -8192 -8192 -8192 -6259 -4360 -2431 -735 971 2658 4195 5199 5657 5882 6017 6084 6122 6120 6125 6161 6213 6246 6255 6259 5698 4164 2563 937 -792 -2587 -4425 -6232 -7905 -8192 -8192 -8192 -8192 -8192 -8192 -8192 -8187 -5949 -4001 -2197 -473 1247 2915 4413 5308 5707 5924 6044 6135 6183 6208 6191 6192 6220 6253 6264 5768 4225 2612 974 -761 -2570 -4426 -6240 -7926 -8192 -8192 -8192 -8192 -8192 -8192 -8192 -8192 -7342 -5323 -3348 -1617 104 1803 3441 4783 5484 5805 176 8814 304 15336
4867 3273 1673 -38 -1813 -3659 -5504 -7250 -8192 -8192 -8192 -8192 -8192 -8192 -8192 -8192 -8192 -7453 -5396 -3495 -1690 3 1707 3360 4736 5472 5798 5986 6111 6198 6256 6290 6311 6289 6282 6285 6296 5081 3496 1901 212 -1580 -3412 -5261 -7019 -8192 -8192 -8192 -8192 -8192 -8192 -8192 -8192 -8192 -7120 -5274 -4360 -2796 -2687 -3308 -3874 -5337 -6735 -8116 -8192 -8192 -8192 -8192 -8192 -8192 -8192 -8192 -8192 -8192 -8192 -8192 -8192 -8192 -8192 -8192 -8192 -8192 -8192 -8192 -8192 -8192 -8192 -8192 -8192 -8192 -8192 -8192 -8192 -8192 -8192 -8192 -8192 -8192 -8088 -8127 -7800 -7067 -5047 -4165 -4036 -5456 -4653 -5473 -6645 -8069 -8192 -8192 -8192 -8192 -8192 -8136 -7567 -6375 -7465 -8192 -8192 -7832 -7094 -7355 -7541 -6772 -4414 -2598 -900 801 2498 4110 5299 5846 6017 6095 6152 6195 6220 6258 6299 6352 6393 6431 6443 6449 6250 4720 3109 1524 -187 -1966 -3783 -5631 -7347 -8192 -8192 -8192 -8192 -8192 -8192 -8192 -8192 -7684 -6437 -5422 -4049 -2056 -331 1380 3092 4549 5413 5803 5995 6055 6045 6089 6119 6190 6231 6286 6315 6326 6346 6347 6328 6311 5543 4015 2436 836 -894 -2711 -4553 -6367 -8013 -8192 -8192 -8192 -8192 -8192 -8192 -8009 -6899 -5386 -3343 -1518 173 1874 3512 4824 5497 5808 5974 6062 6079 6084 6098 6162 6210 6253 6271 6273 6262 5052 3497 1930 261 -1498 -3302 -5149 -6904 -8192 -8192 -8192 -8192 -8192 -8192 -8192 -8192 -6660 -4930 -3004 -1201 495 2190 3803 5004 5577 5852 5997 6089 6129 6117 6135 6169 176 9147 304 15336
-6989 -8192 -8192 -8192 -8192 -8192 -8192 -8192 -7721 -6382 -6125 -7526 -8192 -7585 -7894 -7757 -7931 -6858 -4539 -2795 -4420 -5854 -7306 -7756 -8192 -8192 -8192 -7613 -5412 -3514 -1820 -114 1593 3269 4711 5575 5904 5994 6048 6086 6133 6159 6197 6241 6293 6337 6359 6173 4644 3022 1424 -296 -2062 -3907 -5722 -7453 -8192 -8192 -8192 -8192 -8192 -8192 -8192 -8068 -7248 -5741 -3741 -1879 -154 1551 3217 4636 5430 5788 5975 6082 6116 6103 6127 6179 6235 6269 6301 6315 6304 6257 4802 3211 1623 -68 -1846 -3684 -5534 -7281 -8192 -8192 -8192 -8192 -8192 -8192 -8192 -8192 -6720 -4927 -3010 -1223 479 2179 3794 4986 5576 5845 6006 6102 6148 6159 6153 6178 6227 6265 6289 6290 6025 4475 2853 1248 -478 -2262 -4122 -5938 -7625 -8192 -8192 -8192 -8192 -8192 -8192 -8192 -8192 -6811 -5072 -3424 -1540 199 1885 3523 4835 5519 5822 6003 6099 6150 6178 6165 6177 6221 6256 6296 6309 6308 6070 4520 2904 1309 -414 -2200 -4054 -5878 -7593 -8192 -8192 -8192 -8192 -8192 -8192 -8192 -8041 -6686 -5364 -6303 -7691 -8192 -8192 -7977 -8190 -8192 -8192 -7525 -7648 -8192 -8192 -8192 -8102 -8192 -8192 -8192 -7580 -5288 -3408 -1725 -18 1689 3352 4791 5604 5896 5981 6047 6090 6115 6149 6191 6245 6288 6343 6365 6360 5039 3456 1878 174 -1601 -3436 -5278 -7031 -8192 -8192 -8192 -8192 -8192 -8192 -8192 -8192 -7674 -6335 -4368 -2484 -731 970 1589 257 643 2404 3732 2515 1233 -185 -1717 -3305 -4900 -6518 -8006 -7961 -7965 -8192 -8192 -8192 176 9416 304 15336
-4931 -4892 -5185 -5650 -5905 -5915 -5965 -6222 -6422 -6364 -6306 -6451 -6824 -7096 -7086 -7011 -6956 -7002 -6907 -6655 -6393 -6278 -6256 -6192 -6048 -5921 -5996 -5791 -5825 -5537 -5464 -5282 -5228 -5082 -5006 -4846 -4707 -4514 -4369 -4342 -4298 -4269 -4211 -4288 -4424 -4509 -4453 -4369 -4376 -4569 -4512 -4790 -4291 -3820 -2432 -2843 -3404 -4465 -4097 -4899 -6210 -7677 -8192 -8131 -7946 -7684 -7423 -6920 -5618 -4949 -6078 -6812 -6854 -5668 -4808 -5205 -5080 -3564 -1602 126 1807 3452 4881 5722 6018 6133 6205 6237 6283 6306 6335 6385 6420 6446 6442 6420 6210 4683 3099 1529 -162 -1941 -3760 -5579 -7293 -8192 -8192 -8192 -8192 -8192 -8192 -8192 -7849 -7555 -6652 -5853 -3660 -1897 -1064 -2558 -2756 -2307 -2008 -1104 763 2507 4091 5224 5754 5940 6054 6112 6149 6174 6220 6260 6308 6342 6357 6366 6333 6292 5215 3714 2168 535 -1204 -3006 -4836 -6608 -8182 -8192 -8192 -8192 -8192 -8192 -7780 -7055 -6402 -6075 -3973 -2146 -408 1282 2948 4446 5371 5788 5976 5991 6019 6059 6093 6147 6193 6240 6278 6281 6276 5340 3819 2259 622 -1116 -2919 -4756 -6530 -8145 -8192 -8192 -8192 -8192 -8192 -8192 -7894 -7222 -5793 -4403 -2339 -606 1096 2763 4300 5293 5738 5945 6032 6028 6053 6097 6144 6204 6253 6279 6305 5481 3957 2385 737 -1004 -2793 -4635 -6419 -8030 -8192 -8192 -8192 -8192 -8192 -8192 -8192 -7098 -5100 -3159 -1431 282 1985 3613 4905 5545 5841 5999 6075 6106 6089 6119 6179 6239 6266 6292 6294 6139 4605 2994 1403 -324 -2096 176 9695 304 15336
6284 6310 6334 6375 6411 6435 6422 6412 6371 5838 4326 2747 1153 -558 -2323 -4146 -5938 -7602 -8192 -8192 -8192 -8192 -8192 -8192 -7403 -6909 -7259 -7520 -5794 -3711 -1961 -1770 -2968 -2944 -2810 -2890 -1811 114 1866 3481 4855 5641 5917 6039 6117 6163 6193 6229 6265 6318 6350 6361 6363 6342 6287 5186 3682 2144 503 -1235 -3034 -4871 -6620 -8174 -8192 -8192 -8192 -8192 -7774 -6579 -6236 -6455 -4281 -2385 -607 1072 2746 4277 5292 5761 5957 5982 6008 6051 6093 6126 6179 6235 6265 6276 6282 5925 4389 2806 1228 -474 -2254 -4077 -5876 -7570 -8192 -8192 -8192 -8192 -8192 -7823 -6995 -6251 -5925 -4066 -2170 -439 1266 2930 4426 5367 5775 6001 5933 6071 6023 6133 6112 6207 6236 6290 6275 5115 3557 1997 317 -1425 -3237 -5059 -6813 -8192 -8192 -8192 -8192 -8192 -8192 -8192 -8192 -5989 -4081 -2213 -522 1197 2871 4380 5316 5738 5938 6047 6066 6062 6098 6155 6216 6253 6282 6308 6291 6066 4511 2908 1309 -397 -2183 -4008 -5835 -7546 -8192 -8192 -8192 -8192 -8192 -8192 -8192 -8192 -7243 -5204 -3498 -1640 78 241 -1074 -2368 -1387 480 2179 3769 4995 5646 5924 5999 6049 6088 6156 6208 6253 6304 6320 6335 6325 6313 5342 3832 2280 651 -1076 -2870 -4695 -6484 -8071 -8192 -8192 -8192 -8192 -8192 -8149 -7589 -6529 -5731 -4437 -2384 -626 1067 2734 4268 5286 5745 5949 6010 6022 6059 6100 6146 6194 6246 6292 6298 6299 6024 4484 2883 1297 -402 -2184 -4004 -5825 -7514 -8192 -8192 -8192 -8192 -8192 176 10093 304 15336
6216 6264 6295 6309 6316 5853 4303 2692 1081 -648 -2452 -4287 -6108 -7787 -8192 -8192 -8192 -8192 -8192 -8192 -8192 -8192 -7105 -5124 -4220 -2777 -4002 -5373 -5593 -3623 -1758 -19 1645 3276 4698 5527 5883 5974 6031 6082 6128 6168 6218 6269 6319 6350 6355 6343 5517 3999 2427 802 -930 -2719 -4555 -6328 -7961 -8192 -8192 -8192 -8192 -8192 -8192 -8121 -7515 -6256 -5264 -3323 -1530 198 1887 3526 4863 5565 5861 6012 6031 6049 6081 6124 6196 6235 6277 6319 6332 6320 6311 5320 3784 2221 576 -1164 -2986 -4825 -6623 -8192 -8192 -8192 -8192 -8192 -8192 -8192 -8020 -7042 -5875 -5080 -2831 -1085 643 2329 3923 5099 5661 5913 6024 6020 6048 6090 6137 6199 6247 6287 6311 6323 6320 5820 4278 2673 1080 -639 -2429 -4275 -6086 -7769 -8192 -8192 -8192 -8192 -8192 -8192 -5970 -4037 -2194 -490 1226 2897 4411 5328 5737 5926 6003 6011 6033 6086 6146 6198 6233 6266 6275 6123 4607 3010 1431 -274 -2049 -3871 -5692 -7398 -8192 -8192 -8192 -8192 -8192 -8192 -8192 -8044 -7028 -6007 -5865 -5347 -3135 -1332 365 2047 3665 4958 5608 5898 6031 6042 6059 6098 6151 6201 6254 6297 6333 6342 6199 4680 3086 1507 -202 -1976 -3807 -5628 -7356 -8192 -8192 -8192 -8192 -8192 -8192 -8192 -7741 -6615 -5100 -3348 -1518 206 1898 3537 4859 5537 5844 6003 6060 6056 6076 6133 6193 6243 6286 6308 6328 6311 5113 3559 1992 324 -1444 -3245 -5089 -6841 -8192 -8192 -8192 -8192 -8192 -8192 -8192 -8192 -7658 -6059 -4690 -2729 -979 176 10404 304 15336
-1759 -58 1646 3293 4699 5479 5821 5987 6075 6095 6093 6131 6189 6248 6285 6310 6328 5757 4216 2611 974 -756 -2557 -4403 -6222 -7890 -8192 -8192 -8192 -8192 -8192 -8192 -8192 -7736 -6099 -4812 -2826 -1062 648 683 -605 -1909 -3311 -4766 -6310 -7799 -8192 -8192 -8192 -8192 -8192 -8192 -8192 -8192 -8192 -8192 -8192 -8192 -8192 -8192 -8192 -8192 -8192 -8114 -7902 -7645 -7280 -6948 -6621 -6401 -6238 -5958 -5660 -5185 -5278 -4692 -3717 -1768 -228 -866 -2246 -3436 -4031 -5366 -6868 -8192 -8192 -8192 -8192 -8192 -7965 -6659 -5591 -6873 -7887 -8191 -7611 -6813 -6881 -6800 -5705 -3491 -1712 -32 1675 3337 4790 5655 5967 6091 6163 6207 6231 6266 6311 6365 6412 6450 6480 6476 6464 5316 3775 2207 549 -1211 -3012 -4847 -6621 -8192 -8192 -8192 -8192 -8192 -8192 -8192 -8192 -8046 -7123 -6178 -5212 -4510 -5431 -6148 -5666 -4101 -2200 -454 1261 2650 1346 90 -1258 -2676 -4138 -5681 -6613 -4623 -5027 -6714 -8121 -7419 -6649 -7028 -7776 -7732 -6745 -5915 -6241 -6975 -7088 -6441 -5718 -5363 -5255 -4762 -3915 -3128 -2654 -2630 -2620 -2651 -2680 -2703 -2940 -3392 -3845 -4144 -4188 -4318 -4651 -4899 -4918 -4807 -4852 -5191 -5558 -5729 -5756 -5765 -5814 -5759 -5577 -5339 -5206 -5176 -5120 -5042 -4979 -4898 -4844 -4682 -4515 -4356 -4206 -4039 -3842 -3699 -3630 -3250 -3216 -2426 -1517 303 1304 796 -560 -916 -2149 -3517 -5022 -6558 -7665 -7151 -6860 -6562 -6080 -4711 -3819 -5285 -6321 -6673 -5968 -5341 -5576 -5460 -4255 -2172 -423 1260 2940 4488 5541 6000 6154 6231 6287 176 10884 304 15336
5879 6037 6124 6172 6207 6242 6286 6331 6401 6391 6427 6403 6380 5461 3942 2398 763 -953 -2755 -4565 -6354 -7963 -8192 -8192 -8192 -8192 -7844 -6775 -6680 -7168 -5644 -3494 -1706 -19 1677 3324 4725 5523 5881 5972 5998 6045 6082 6116 6154 6202 6267 6296 6307 6209 4735 3159 1587 -112 -1864 -3704 -5512 -7231 -8192 -8192 -8192 -8192 -8192 -8109 -7143 -6563 -6360 -4836 -2772 -999 690 2384 3976 5138 5690 5945 6003 6020 6058 6100 6138 6193 6255 6292 6319 6323 5986 4453 2862 1259 -465 -2243 -4075 -5873 -7574 -8192 -8192 -8192 -8192 -8192 -7260 -5231 -3332 -1571 158 1863 3518 4838 5531 5845 5994 6060 6054 6078 6139 6189 6246 6282 6288 6288 5085 3542 1971 294 -1459 -3270 -5094 -6853 -8192 -8192 -8192 -8192 -8192 -8192 -8192 -7682 -6945 -6590 -6349 -4453 -2544 -801 896 2563 4140 5235 5735 5978 6024 6036 6075 6110 6171 6207 6265 6293 6340 6311 4945 3382 1812 130 -1621 -3445 -5256 -6992 -8192 -8192 -8192 -8192 -8192 -8192 -8192 -7657 -6642 -5565 -3924 -2002 -270 1426 3085 4559 5423 5804 5977 6031 6044 6075 6125 6177 6231 6284 6317 6336 6344 5306 3768 2200 533 -1209 -3020 -4859 -6643 -8192 -8192 -8192 -8192 -8192 -8192 -8192 -8157 -7404 -6087 -4206 -2271 -556 1149 2828 4351 5314 5752 5959 6049 6049 6070 6117 6169 6238 6277 6314 6326 5479 3934 2362 698 -1058 -2857 -4694 -6476 -8084 -8192 -8192 -8192 -8192 -8192 -7105 -6675 -6844 -5145 -3022 -1295 414 2108 3726 4980 5611 5888 176 11182 304 15336
5790 5974 6037 6037 6073 6116 6174 6236 6287 6304 6323 6029 4496 2884 1289 -431 -2217 -4052 -5870 -7569 -8192 -8192 -8192 -8192 -8192 -8192 -8192 -8192 -6544 -4536 -2654 -902 802 2494 4078 5170 5687 5927 6044 6098 6088 6110 6165 6231 6277 6308 6341 6322 5037 3477 1890 196 -1563 -3383 -5230 -6978 -8192 -8192 -8192 -8192 -8192 -8192 -8192 -8122 -6931 -5643 -4509 -2410 -755 -1748 -3037 -4392 -4425 -5944 -7378 -8192 -8192 -8192 -8192 -8192 -8192 -8192 -8192 -8192 -8192 -8192 -8192 -8073 -7942 -7874 -7790 -7626 -7301 -6959 -6743 -6563 -6335 -5955 -5453 -5188 -4009 -2509 -706 728 -330 -1564 -2688 -3713 -5274 -6762 -8192 -8192 -8192 -8000 -7669 -6559 -4598 -4979 -6595 -7928 -7715 -6688 -6506 -6831 -6419 -4385 -2509 -782 917 2606 4197 5360 5891 6070 6158 6203 6248 6288 6319 6371 6419 6458 6483 6491 6472 5220 3666 2099 426 -1325 -3120 -4959 -6720 -8192 -8192 -8192 -8192 -8192 -8192 -8171 -7874 -7751 -7420 -6936 -5185 -4068 -5083 -5955 -5540 -4286 -2728 -952 784 2460 2035 784 -517 -1913 -3339 -4832 -6389 -4814 -4063 -5585 -7100 -7500 -6641 -6428 -7093 -7495 -6943 -6002 -5842 -6482 -6921 -6635 -5970 -5409 -5161 -4791 -4089 -3255 -2671 -2451 -2426 -2444 -2437 -2435 -2464 -2778 -3216 -3639 -3754 -3793 -4087 -4418 -4587 -4583 -4519 -4807 -5180 -5457 -5579 -5559 -5603 -5546 -5414 -5231 -5079 -5024 -4962 -4864 -4808 -4755 -4684 -4558 -4366 -4214 -4079 -3930 -3611 -3541 -2946 -1997 -239 1405 1276 -11 -881 -1383 -2586 -4065 -5592 -7129 -6778 -6397 -6068 176 11582 304 15336
370 2083 3702 4956 5602 5888 5963 5986 6035 6071 6113 6177 6218 6249 6284 6191 4743 3183 1625 -72 -1831 -3649 -5457 -7185 -8192 -8192 -8192 -8192 -8192 -7271 -6798 -7316 -7791 -6883 -5012 -3587 -2478 -652 1135 2803 4339 5377 5797 5947 6026 6084 6124 6141 6190 6234 6283 6334 6367 6378 6369 5483 3956 2386 754 -978 -2784 -4622 -6380 -8033 -8192 -8192 -8192 -8192 -8167 -6829 -6255 -6504 -5153 -3021 -1229 454 2153 3765 5003 5632 5915 5985 6007 6062 6086 6126 6181 6241 6283 6316 6332 5962 4430 2839 1252 -462 -2240 -4063 -5877 -7563 -8192 -8192 -8192 -8192 -8192 -8192 -7118 -6648 -5640 -3580 -1733 -45 1661 3313 4709 5495 5842 5994 6011 6041 6076 6123 6169 6233 6290 6305 6109 4590 2982 1387 -320 -2097 -3930 -5726 -7417 -8192 -8192 -8192 -8192 -8192 -6606 -6091 -7385 -6106 -3750 -1986 -283 1430 3089 4553 5430 5824 5988 6018 6048 6083 6133 6177 6232 6287 6311 6322 6110 4593 2999 1427 -288 -2050 -3889 -5705 -7424 -8192 -8192 -8192 -8192 -8192 -8192 -8187 -7030 -5312 -3454 -1599 79 1788 3421 4792 5523 5840 6001 6030 6036 6087 6127 6186 6247 6289 6304 6336 5710 4192 2599 971 -752 -2531 -4374 -6176 -7827 -8192 -8192 -8192 -8192 -8192 -8192 -7639 -6635 -5883 -4468 -2442 -681 1007 2686 4232 5263 5738 5956 6021 6036 6068 6114 6169 6214 6276 6309 6341 6345 5356 3813 2247 583 -1163 -2971 -4802 -6579 -8181 -8192 -8192 -8192 -8192 -8192 -8192 -7202 -5330 -4532 -2336 -604 1099 2781 176 12000 304 15336